#pic_1des

$particles
np=	0
m=	1.000000e+00
q=	-1
x0=	0.000000e+00
x1=	0.000000e+00
kt=	1.956951e-06
vd=	0.000000e+00
np0=	111
kt0=	1.956951e-06
vd0=	0.000000e+00

$particles
np=	0
m=	3.645777e+03
q=	1
x0=	0.000000e+00
x1=	0.000000e+00
kt=	5.059140e-08
vd=	0.000000e+00
np0=	111
kt0=	5.059140e-08
vd0=	0.000000e+00

$field
nx=	1000
lx=	1.190148e+00
ns=	2
n0=	8.402319e+05
phi_n=	-1.174170e-01
bz=	0.000000e+00
bc0=	0
bc1=	0

$world
tend=	10000
tout=	100
dt=	1.000000e-01

